0.00364982
0.00374462
0.000629966
0.00569043
0.00394764
0.00365405
0.00325287
0.00395996
0.00368325
0.00380033
0.00398006
0.00405957
0.00367374
0.00379328
0.00376344
0.00427014
0.00380396
0.00422798
0.00460138
0.00424808
0.00439355
0.00421327
0.00403714
0.0045805
0.00422718
0.00409866
0.00420929
0.00418281
0.0039556
0.00392944
0.00368819
0.00436618
0.00357116
0.00386642
0.00393017
0.00459946
0.0035629
0.00348801
0.00356934
0.0033725
0.00550556
0.00452292
0.00497799
0.00357353
0.00361852
0.00411127
0.00392718
0.00355875
0.00336142
0.00387845
0.00322634
0.0042386
0.00336897
0.00386071
0.00432658
0.00402466
0.00396371
0.00383713
0.00380549
0.00405725
0.00351529
0.00462964
0.00399724
0.00373348
0.00426099
0.00331599
0.00387512
0.00388851
0.00365647
0.00385306
0.00355294
0.00405946
0.00450574
0.00387187
0.00472199
0.00367619
0.00459563
0.00463518
0.00406431
0.00340048
0.0044257
0.00377225
0.00330131
0.00434589
0.00409773
0.00502162
0.00488967
0.00367156
0.0049149
0.00367611
0.00441323
0.00420403
0.00364074
0.00369423
0.0034273
0.00338044
0.00405037
0.00340424
0.00433256
0.00346912
0.0049987
0.00409561
0.00369634
0.00389073
0.00406701
0.00373416
0.00382448
0.0047019
0.00486085
0.00381177
0.00388286
0.00382414
0.00434127
0.00444825
0.00395905
0.00381008
0.00356433
0.00331696
0.00452363
0.00405322
0.00406792
0.00419591
0.00410277
0.0037479
0.00427177
0.00499229
0.00345296
0.0047824
0.00458387
0.00378999
0.00415486
0.00405554
0.00435837
0.00398301
0.00388808
0.00561137
0.00394833
0.00452141
0.00373997
0.00357548
0.00458264
0.0034
0.00420231
0.00373426
0.00439263
0.00340941
0.00366425
0.00361327
0.00361738
0.00462028
0.00430172
0.00403627
0.00376764
0.00350402
0.00344729
0.00396632
0.00414128
0.0057233
0.00365879
0.00379087
0.00364947
0.00391029
0.00412207
0.00336678
0.00355044
0.00373274
0.00414507
0.00429684
0.00340064
0.00367857
0.00344234
0.00420311
0.0045625
0.00392778
0.00420085
0.00377027
0.00451297
0.00507718
0.00350595
0.0038824
0.00410297
0.00585479
0.00425868
0.00337297
0.00639195
0.0045548
0.00472321
0.00425872
0.00334354
0.00323438
0.00343163
0.00416399
0.00448987
0.00380432
0.00340619
0.00346268
0.00396995
0.00388912
0.00422846
0.00368681
0.00418259
0.00331896
0.00361549
0.0044999
0.00400909
0.00398091
0.00364812
0.00367386
0.0034703
0.00392504
0.00398906
0.0043141
0.0041828
0.00403677
0.00381441
0.00491792
0.00337907
0.00400891
0.00421199
0.00376598
0.00370835
0.00342619
0.00398802
0.00342376
0.00426099
0.00413211
0.00347898
0.0038376
0.00387562
0.00456037
0.00445986
0.00336013
0.00362676
0.00383665
0.00369213
0.0036129
0.00394959
0.00333831
0.00410669
0.00365879
0.00389986
0.00410467
0.00415375
0.00440396
0.00420056
0.00356046
0.00441706
0.00390125
0.00448324
0.00526133
